0.999736  -0.022130  -0.006256  
0.022108  0.999749  -0.003605  
0.006334  0.003466  0.999974  

0.077251  0.143120  0.040389  

0.999415  -0.032601  -0.010347  
0.032559  0.999461  -0.004205  
0.010478  0.003866  0.999938  

0.115759  0.186533  0.068363  

0.999198  -0.037719  -0.013418  
0.037667  0.999282  -0.004124  
0.013564  0.003615  0.999901  

0.143018  0.177990  0.088302  

0.999064  -0.040272  -0.015772  
0.040218  0.999184  -0.003723  
0.015910  0.003085  0.999869  

0.195072  0.170342  0.101870  

0.999017  -0.041053  -0.016735  
0.041004  0.999154  -0.003250  
0.016854  0.002560  0.999855  

0.218570  0.154519  0.091128  

0.998992  -0.041458  -0.017229  
0.041415  0.999138  -0.002881  
0.017334  0.002165  0.999847  

0.237353  0.146087  0.075817  

0.998989  -0.041408  -0.017479  
0.041366  0.999140  -0.002763  
0.017579  0.002037  0.999843  

0.254209  0.134999  0.070510  

0.998989  -0.041337  -0.017659  
0.041296  0.999143  -0.002641  
0.017753  0.001909  0.999841  

0.272754  0.129268  0.071192  

0.998996  -0.041092  -0.017866  
0.041052  0.999154  -0.002592  
0.017958  0.001856  0.999837  

0.295288  0.122067  0.073394  

0.998999  -0.040835  -0.018237  
0.040796  0.999164  -0.002478  
0.018323  0.001731  0.999831  

0.325950  0.114441  0.076192  

0.998987  -0.040678  -0.019230  
0.040641  0.999171  -0.002331  
0.019309  0.001547  0.999812  

0.381905  0.106717  0.085210  

0.998893  -0.041815  -0.021557  
0.041777  0.999124  -0.002229  
0.021631  0.001326  0.999765  

0.464650  0.108503  0.101142  

0.998890  -0.041857  -0.021596  
0.041819  0.999123  -0.002230  
0.021670  0.001324  0.999764  

0.467255  0.108574  0.101567  

0.998890  -0.041854  -0.021599  
0.041815  0.999123  -0.002224  
0.021673  0.001319  0.999764  

0.468143  0.108785  0.102202  

0.998900  -0.041493  -0.021832  
0.041451  0.999138  -0.002401  
0.021913  0.001493  0.999759  

0.459788  0.103645  0.101746  

0.998927  -0.040260  -0.022885  
0.040194  0.999186  -0.003327  
0.023000  0.002404  0.999733  

0.431480  0.080235  0.100689  

0.998925  -0.039832  -0.023722  
0.039746  0.999201  -0.004114  
0.023867  0.003167  0.999710  

0.404962  0.051246  0.102849  

0.998877  -0.040646  -0.024359  
0.040541  0.999166  -0.004786  
0.024533  0.003793  0.999692  

0.389032  0.036437  0.101691  

0.998858  -0.041128  -0.024303  
0.041025  0.999147  -0.004699  
0.024476  0.003697  0.999694  

0.393749  0.042574  0.099357  

0.998873  -0.041020  -0.023888  
0.040929  0.999153  -0.004299  
0.024044  0.003316  0.999705  

0.408506  0.055258  0.101736  

0.998922  -0.040310  -0.023000  
0.040241  0.999184  -0.003483  
0.023122  0.002554  0.999729  

0.430354  0.076161  0.101458  

0.998920  -0.040497  -0.022765  
0.040435  0.999177  -0.003181  
0.022875  0.002257  0.999736  

0.439020  0.084796  0.102018  

0.998923  -0.040361  -0.022867  
0.040296  0.999182  -0.003301  
0.022981  0.002376  0.999733  

0.433704  0.080965  0.101337  

0.998926  -0.040288  -0.022897  
0.040222  0.999185  -0.003359  
0.023013  0.002434  0.999732  

0.433044  0.079471  0.101206  

0.998925  -0.040303  -0.022906  
0.040237  0.999185  -0.003361  
0.023023  0.002436  0.999732  

0.433289  0.080027  0.101107  

0.998925  -0.040298  -0.022907  
0.040231  0.999185  -0.003371  
0.023024  0.002446  0.999732  

0.432427  0.079382  0.101027  

0.998924  -0.040339  -0.022888  
0.040272  0.999183  -0.003355  
0.023005  0.002430  0.999732  

0.433817  0.080152  0.101126  

0.998926  -0.040262  -0.022931  
0.040195  0.999186  -0.003386  
0.023049  0.002461  0.999731  

0.431348  0.079006  0.100864  

0.998922  -0.040400  -0.022841  
0.040335  0.999181  -0.003306  
0.022956  0.002381  0.999734  

0.437087  0.081519  0.101865  

0.998925  -0.040308  -0.022899  
0.040241  0.999184  -0.003371  
0.023017  0.002446  0.999732  

0.432987  0.079730  0.100961  

0.998922  -0.040418  -0.022840  
0.040353  0.999180  -0.003317  
0.022955  0.002391  0.999734  

0.437247  0.081780  0.101517  

0.998928  -0.040179  -0.022982  
0.040111  0.999189  -0.003416  
0.023101  0.002491  0.999730  

0.428025  0.077584  0.100518  

0.998928  -0.040174  -0.022982  
0.040105  0.999189  -0.003456  
0.023103  0.002530  0.999730  

0.428265  0.076863  0.100321  

0.998927  -0.040238  -0.022925  
0.040171  0.999187  -0.003394  
0.023043  0.002469  0.999731  

0.431131  0.078461  0.100893  

0.998928  -0.040165  -0.022998  
0.040096  0.999190  -0.003444  
0.023118  0.002518  0.999730  

0.427131  0.076934  0.100283  

0.998928  -0.040180  -0.022996  
0.040111  0.999189  -0.003444  
0.023116  0.002518  0.999730  

0.427879  0.077351  0.100263  

0.998928  -0.040161  -0.023001  
0.040092  0.999190  -0.003445  
0.023121  0.002519  0.999729  

0.426593  0.076650  0.100258  

0.998926  -0.040271  -0.022910  
0.040204  0.999186  -0.003375  
0.023027  0.002450  0.999732  

0.432295  0.079230  0.100993  

0.998927  -0.040237  -0.022931  
0.040170  0.999187  -0.003377  
0.023048  0.002452  0.999731  

0.430182  0.078576  0.100793  

0.998929  -0.040155  -0.022975  
0.040087  0.999190  -0.003427  
0.023094  0.002502  0.999730  

0.428131  0.077508  0.100311  

0.998927  -0.040234  -0.022939  
0.040166  0.999187  -0.003395  
0.023057  0.002470  0.999731  

0.431064  0.078463  0.100941  

0.998927  -0.040220  -0.022960  
0.040152  0.999188  -0.003408  
0.023078  0.002483  0.999731  

0.429493  0.078151  0.100629  

0.998927  -0.040240  -0.022943  
0.040172  0.999187  -0.003399  
0.023061  0.002474  0.999731  

0.430508  0.078249  0.100871  

0.998926  -0.040246  -0.022940  
0.040179  0.999187  -0.003394  
0.023058  0.002469  0.999731  

0.430569  0.078657  0.100713  

0.998925  -0.040296  -0.022918  
0.040229  0.999185  -0.003377  
0.023036  0.002451  0.999732  

0.432472  0.079587  0.100918  

0.998923  -0.040386  -0.022844  
0.040321  0.999181  -0.003324  
0.022959  0.002399  0.999734  

0.436846  0.081596  0.101423  

0.998928  -0.040184  -0.022986  
0.040115  0.999189  -0.003438  
0.023105  0.002512  0.999730  

0.427794  0.077503  0.100225  

0.998927  -0.040234  -0.022937  
0.040165  0.999187  -0.003438  
0.023056  0.002513  0.999731  

0.431248  0.077349  0.100953  

0.998928  -0.040184  -0.022997  
0.040115  0.999189  -0.003447  
0.023117  0.002521  0.999730  

0.427599  0.077064  0.100329  

0.998924  -0.040333  -0.022886  
0.040267  0.999183  -0.003355  
0.023003  0.002430  0.999732  

0.434192  0.080031  0.101254  

0.998925  -0.040317  -0.022880  
0.040251  0.999184  -0.003335  
0.022995  0.002411  0.999733  

0.433781  0.080482  0.101143  

0.998925  -0.040300  -0.022889  
0.040234  0.999185  -0.003350  
0.023005  0.002426  0.999732  

0.433475  0.079685  0.101336  

0.998924  -0.040333  -0.022896  
0.040267  0.999183  -0.003348  
0.023012  0.002422  0.999732  

0.433553  0.080003  0.101303  

0.998927  -0.040213  -0.022957  
0.040145  0.999188  -0.003414  
0.023075  0.002489  0.999731  

0.429531  0.077856  0.100619  

0.998926  -0.040265  -0.022940  
0.040198  0.999186  -0.003396  
0.023058  0.002470  0.999731  

0.431517  0.078456  0.101140  

0.998927  -0.040227  -0.022947  
0.040159  0.999188  -0.003404  
0.023065  0.002479  0.999731  

0.430051  0.078408  0.100544  

0.998923  -0.040362  -0.022882  
0.040296  0.999182  -0.003349  
0.022998  0.002424  0.999733  

0.434322  0.080430  0.101103  

0.998925  -0.040284  -0.022926  
0.040217  0.999185  -0.003388  
0.023043  0.002462  0.999731  

0.431595  0.079143  0.100818  

0.998925  -0.040298  -0.022899  
0.040232  0.999185  -0.003359  
0.023016  0.002434  0.999732  

0.433099  0.079810  0.101072  

0.998923  -0.040380  -0.022862  
0.040315  0.999182  -0.003320  
0.022977  0.002394  0.999733  

0.435415  0.080786  0.101656  

0.998926  -0.040269  -0.022903  
0.040202  0.999186  -0.003373  
0.023020  0.002449  0.999732  

0.432228  0.079409  0.100816  

0.998927  -0.040192  -0.022990  
0.040124  0.999189  -0.003428  
0.023109  0.002502  0.999730  

0.428495  0.077408  0.100600  

0.998925  -0.040322  -0.022868  
0.040256  0.999184  -0.003349  
0.022984  0.002425  0.999733  

0.434804  0.079934  0.101427  

0.998929  -0.040158  -0.022978  
0.040090  0.999190  -0.003414  
0.023097  0.002489  0.999730  

0.427559  0.077613  0.100318  

0.998926  -0.040282  -0.022907  
0.040215  0.999185  -0.003382  
0.023025  0.002458  0.999732  

0.432626  0.078853  0.101175  

0.998928  -0.040177  -0.022976  
0.040109  0.999189  -0.003415  
0.023095  0.002489  0.999730  

0.427981  0.077534  0.100482  

0.998927  -0.040247  -0.022933  
0.040179  0.999187  -0.003386  
0.023050  0.002461  0.999731  

0.430609  0.078508  0.100853  

0.998926  -0.040280  -0.022904  
0.040213  0.999185  -0.003369  
0.023021  0.002444  0.999732  

0.432223  0.079558  0.100842  

0.998926  -0.040258  -0.022919  
0.040191  0.999186  -0.003366  
0.023036  0.002441  0.999732  

0.431776  0.079032  0.101188  

0.998927  -0.040201  -0.022982  
0.040133  0.999188  -0.003429  
0.023102  0.002503  0.999730  

0.428449  0.077675  0.100427  

0.998926  -0.040223  -0.022987  
0.040155  0.999188  -0.003432  
0.023106  0.002505  0.999730  

0.428776  0.077471  0.100648  

0.998926  -0.040274  -0.022929  
0.040207  0.999186  -0.003396  
0.023047  0.002471  0.999731  

0.431342  0.079017  0.100676  

0.998924  -0.040332  -0.022883  
0.040266  0.999183  -0.003335  
0.022999  0.002410  0.999733  

0.434308  0.080440  0.101384  

0.998927  -0.040248  -0.022921  
0.040181  0.999187  -0.003373  
0.023038  0.002448  0.999732  

0.431457  0.078898  0.101010  

0.998928  -0.040192  -0.022973  
0.040124  0.999189  -0.003415  
0.023092  0.002490  0.999730  

0.428727  0.077335  0.100764  

0.998926  -0.040255  -0.022934  
0.040188  0.999186  -0.003391  
0.023052  0.002466  0.999731  

0.431165  0.078462  0.100988  

0.998926  -0.040270  -0.022915  
0.040203  0.999186  -0.003388  
0.023033  0.002463  0.999732  

0.431550  0.078999  0.100722  

0.998925  -0.040308  -0.022900  
0.040241  0.999184  -0.003378  
0.023018  0.002453  0.999732  

0.433197  0.079704  0.100869  

0.998924  -0.040330  -0.022898  
0.040263  0.999183  -0.003360  
0.023015  0.002434  0.999732  

0.433487  0.079916  0.101202  

0.998926  -0.040240  -0.022953  
0.040173  0.999187  -0.003411  
0.023071  0.002485  0.999731  

0.430351  0.078336  0.100720  

0.998924  -0.040360  -0.022862  
0.040294  0.999182  -0.003342  
0.022979  0.002417  0.999733  

0.435750  0.080635  0.101468  

0.998927  -0.040224  -0.022941  
0.040157  0.999188  -0.003393  
0.023059  0.002468  0.999731  

0.429860  0.078667  0.100505  

0.998927  -0.040245  -0.022932  
0.040178  0.999187  -0.003392  
0.023050  0.002467  0.999731  

0.431275  0.078366  0.101051  

0.998927  -0.040248  -0.022907  
0.040181  0.999187  -0.003376  
0.023025  0.002452  0.999732  

0.432019  0.079041  0.100891  

0.998925  -0.040315  -0.022873  
0.040248  0.999184  -0.003342  
0.022989  0.002418  0.999733  

0.433896  0.080194  0.101146  

0.998925  -0.040329  -0.022872  
0.040263  0.999184  -0.003337  
0.022988  0.002413  0.999733  

0.434547  0.080611  0.101207  

0.998926  -0.040268  -0.022931  
0.040200  0.999186  -0.003387  
0.023049  0.002461  0.999731  

0.431590  0.078910  0.101008  

0.998925  -0.040272  -0.022953  
0.040204  0.999186  -0.003402  
0.023071  0.002476  0.999731  

0.430718  0.078218  0.101030  

0.998926  -0.040262  -0.022922  
0.040195  0.999186  -0.003399  
0.023040  0.002474  0.999731  

0.432094  0.078924  0.100800  

0.998925  -0.040306  -0.022907  
0.040240  0.999184  -0.003342  
0.023023  0.002417  0.999732  

0.432845  0.079943  0.101291  

0.998922  -0.040430  -0.022830  
0.040365  0.999180  -0.003305  
0.022945  0.002380  0.999734  

0.437769  0.082096  0.101587  

0.998925  -0.040283  -0.022923  
0.040216  0.999185  -0.003374  
0.023041  0.002448  0.999732  

0.431332  0.079223  0.100838  

0.998929  -0.040165  -0.022971  
0.040097  0.999190  -0.003440  
0.023091  0.002515  0.999730  

0.428714  0.077140  0.100395  

0.998925  -0.040325  -0.022883  
0.040259  0.999184  -0.003352  
0.022999  0.002427  0.999733  

0.434764  0.080115  0.101441  

0.998927  -0.040225  -0.022942  
0.040158  0.999188  -0.003383  
0.023060  0.002458  0.999731  

0.429840  0.078549  0.100741  

0.998926  -0.040293  -0.022884  
0.040227  0.999185  -0.003356  
0.023001  0.002432  0.999732  

0.433676  0.079549  0.101237  

0.998928  -0.040212  -0.022942  
0.040145  0.999188  -0.003404  
0.023060  0.002479  0.999731  

0.430369  0.078246  0.100744  

0.998927  -0.040232  -0.022934  
0.040164  0.999187  -0.003386  
0.023051  0.002462  0.999731  

0.430983  0.078206  0.101139  

0.998924  -0.040341  -0.022894  
0.040274  0.999183  -0.003352  
0.023010  0.002426  0.999732  

0.433988  0.080242  0.101219  

0.998927  -0.040195  -0.022985  
0.040126  0.999189  -0.003434  
0.023104  0.002508  0.999730  

0.427960  0.077657  0.100180  

0.998928  -0.040196  -0.022970  
0.040127  0.999189  -0.003440  
0.023090  0.002514  0.999730  

0.429479  0.077127  0.100804  

0.998925  -0.040291  -0.022908  
0.040224  0.999185  -0.003368  
0.023025  0.002443  0.999732  

0.432200  0.079799  0.100735  

0.998925  -0.040309  -0.022882  
0.040243  0.999184  -0.003355  
0.022999  0.002431  0.999733  

0.433684  0.079810  0.101206  

0.998925  -0.040303  -0.022903  
0.040237  0.999185  -0.003348  
0.023019  0.002423  0.999732  

0.432521  0.079811  0.101110  

0.998925  -0.040321  -0.022891  
0.040254  0.999184  -0.003349  
0.023007  0.002424  0.999732  

0.433203  0.079787  0.101225  

0.998926  -0.040241  -0.022971  
0.040173  0.999187  -0.003429  
0.023090  0.002503  0.999730  

0.429248  0.077756  0.100525  

0.998922  -0.040416  -0.022837  
0.040351  0.999180  -0.003319  
0.022952  0.002394  0.999734  

0.437744  0.081572  0.101726  

0.998926  -0.040267  -0.022900  
0.040201  0.999186  -0.003352  
0.023017  0.002427  0.999732  

0.431998  0.079641  0.101004  

0.998929  -0.040157  -0.022980  
0.040088  0.999190  -0.003445  
0.023099  0.002520  0.999730  

0.428259  0.077228  0.100271  

0.998925  -0.040288  -0.022911  
0.040220  0.999185  -0.003388  
0.023029  0.002463  0.999732  

0.432601  0.079008  0.101001  

0.998928  -0.040185  -0.022980  
0.040116  0.999189  -0.003425  
0.023099  0.002499  0.999730  

0.428244  0.077412  0.100537  

0.998927  -0.040239  -0.022923  
0.040171  0.999187  -0.003394  
0.023041  0.002470  0.999731  

0.431673  0.078509  0.101000  

0.998927  -0.040229  -0.022939  
0.040162  0.999187  -0.003392  
0.023057  0.002467  0.999731  

0.430427  0.078828  0.100642  

0.998926  -0.040271  -0.022905  
0.040204  0.999186  -0.003354  
0.023022  0.002430  0.999732  

0.432143  0.079554  0.101053  

0.998926  -0.040272  -0.022930  
0.040205  0.999186  -0.003367  
0.023047  0.002442  0.999731  

0.431469  0.079095  0.101130  

0.998924  -0.040346  -0.022864  
0.040280  0.999183  -0.003326  
0.022979  0.002401  0.999733  

0.434987  0.080399  0.101597  

0.998928  -0.040168  -0.022988  
0.040100  0.999190  -0.003432  
0.023107  0.002506  0.999730  

0.427396  0.077103  0.100385  

0.998927  -0.040249  -0.022926  
0.040181  0.999187  -0.003406  
0.023044  0.002482  0.999731  

0.432268  0.078727  0.100861  

0.998925  -0.040324  -0.022872  
0.040258  0.999184  -0.003337  
0.022988  0.002413  0.999733  

0.434056  0.080145  0.101337  

0.998924  -0.040359  -0.022857  
0.040293  0.999182  -0.003325  
0.022972  0.002400  0.999733  

0.435278  0.080780  0.101443  

0.998926  -0.040248  -0.022934  
0.040181  0.999187  -0.003393  
0.023052  0.002467  0.999731  

0.430848  0.078593  0.100784  

0.998927  -0.040236  -0.022951  
0.040168  0.999187  -0.003403  
0.023069  0.002478  0.999731  

0.430647  0.078338  0.100848  

0.998926  -0.040309  -0.022869  
0.040243  0.999184  -0.003344  
0.022985  0.002420  0.999733  

0.434144  0.080318  0.101043  

0.998924  -0.040362  -0.022856  
0.040296  0.999182  -0.003324  
0.022971  0.002399  0.999733  

0.435726  0.081117  0.101372  

0.998926  -0.040280  -0.022917  
0.040213  0.999185  -0.003376  
0.023034  0.002451  0.999732  

0.432105  0.079535  0.100811  

0.998929  -0.040143  -0.023014  
0.040074  0.999191  -0.003466  
0.023135  0.002540  0.999729  

0.426679  0.076477  0.100205  

0.998930  -0.040099  -0.023045  
0.040029  0.999192  -0.003495  
0.023167  0.002569  0.999728  

0.424589  0.075543  0.099804  

0.998928  -0.040216  -0.022944  
0.040148  0.999188  -0.003405  
0.023062  0.002481  0.999731  

0.430421  0.077744  0.101050  

0.998924  -0.040350  -0.022851  
0.040285  0.999183  -0.003312  
0.022966  0.002388  0.999733  

0.435323  0.080997  0.101486  

0.998926  -0.040251  -0.022953  
0.040184  0.999187  -0.003380  
0.023070  0.002454  0.999731  

0.429930  0.078892  0.100690  

0.998923  -0.040375  -0.022879  
0.040309  0.999182  -0.003336  
0.022995  0.002410  0.999733  

0.434903  0.080467  0.101513  

0.998930  -0.040133  -0.023001  
0.040065  0.999191  -0.003444  
0.023121  0.002518  0.999730  

0.426505  0.076892  0.100130  

0.998926  -0.040260  -0.022934  
0.040192  0.999186  -0.003409  
0.023052  0.002483  0.999731  

0.431530  0.078479  0.100784  

0.998929  -0.040148  -0.022993  
0.040080  0.999191  -0.003427  
0.023112  0.002501  0.999730  

0.426917  0.077018  0.100363  

0.998928  -0.040183  -0.022984  
0.040114  0.999189  -0.003433  
0.023103  0.002507  0.999730  

0.428108  0.077028  0.100589  

0.998922  -0.040400  -0.022847  
0.040335  0.999181  -0.003307  
0.022962  0.002382  0.999734  

0.436434  0.081414  0.101658  

0.998922  -0.040417  -0.022828  
0.040352  0.999180  -0.003281  
0.022942  0.002356  0.999734  

0.436675  0.082044  0.101637  

0.998924  -0.040353  -0.022877  
0.040287  0.999183  -0.003341  
0.022993  0.002415  0.999733  

0.434320  0.080413  0.101273  

0.998929  -0.040126  -0.023045  
0.040057  0.999191  -0.003472  
0.023166  0.002545  0.999728  

0.425162  0.075859  0.100263  

0.998928  -0.040172  -0.022995  
0.040103  0.999190  -0.003467  
0.023115  0.002541  0.999730  

0.428332  0.076448  0.100531  

0.998928  -0.040204  -0.022946  
0.040137  0.999188  -0.003398  
0.023064  0.002473  0.999731  

0.429272  0.078223  0.100467  

0.998924  -0.040355  -0.022873  
0.040289  0.999182  -0.003340  
0.022989  0.002415  0.999733  

0.434816  0.080464  0.101403  

0.998927  -0.040234  -0.022954  
0.040166  0.999187  -0.003401  
0.023072  0.002476  0.999731  

0.429594  0.078511  0.100505  

0.998927  -0.040235  -0.022947  
0.040167  0.999187  -0.003411  
0.023066  0.002486  0.999731  

0.430618  0.077993  0.100907  

0.998926  -0.040261  -0.022923  
0.040194  0.999186  -0.003377  
0.023041  0.002452  0.999732  

0.431475  0.078998  0.100919  

0.998928  -0.040204  -0.022959  
0.040136  0.999188  -0.003417  
0.023078  0.002492  0.999731  

0.429153  0.078116  0.100360  

0.998925  -0.040294  -0.022896  
0.040228  0.999185  -0.003358  
0.023013  0.002433  0.999732  

0.433129  0.079661  0.101134  

0.998924  -0.040355  -0.022848  
0.040290  0.999183  -0.003315  
0.022963  0.002391  0.999733  

0.435727  0.081019  0.101521  

0.998926  -0.040284  -0.022899  
0.040217  0.999185  -0.003353  
0.023015  0.002429  0.999732  

0.432617  0.079707  0.101065  

0.998924  -0.040336  -0.022881  
0.040270  0.999183  -0.003346  
0.022998  0.002421  0.999733  

0.433974  0.080320  0.101112  

0.998928  -0.040211  -0.022952  
0.040144  0.999188  -0.003406  
0.023070  0.002481  0.999731  

0.429590  0.078191  0.100507  

0.998927  -0.040214  -0.022969  
0.040146  0.999188  -0.003415  
0.023088  0.002489  0.999730  

0.428807  0.077584  0.100658  

0.998930  -0.040073  -0.023071  
0.040003  0.999193  -0.003500  
0.023192  0.002573  0.999728  

0.423051  0.075182  0.099730  

0.998926  -0.040276  -0.022892  
0.040209  0.999186  -0.003364  
0.023009  0.002440  0.999732  

0.433046  0.079407  0.101073  

0.998926  -0.040244  -0.022947  
0.040176  0.999187  -0.003397  
0.023065  0.002471  0.999731  

0.429964  0.078621  0.100587  

0.998925  -0.040294  -0.022927  
0.040227  0.999185  -0.003378  
0.023045  0.002452  0.999731  

0.431911  0.078864  0.101163  

0.998925  -0.040287  -0.022917  
0.040220  0.999185  -0.003379  
0.023034  0.002454  0.999732  

0.431987  0.079241  0.100921  

0.998926  -0.040265  -0.022927  
0.040198  0.999186  -0.003373  
0.023044  0.002448  0.999731  

0.431090  0.079230  0.100750  

0.998926  -0.040294  -0.022882  
0.040228  0.999185  -0.003353  
0.022998  0.002429  0.999733  

0.433572  0.080023  0.101052  

0.998926  -0.040249  -0.022959  
0.040181  0.999187  -0.003393  
0.023076  0.002467  0.999731  

0.429946  0.078585  0.100770  

0.998928  -0.040184  -0.023001  
0.040115  0.999189  -0.003450  
0.023121  0.002524  0.999729  

0.427495  0.077010  0.100304  

0.998926  -0.040227  -0.022979  
0.040158  0.999187  -0.003421  
0.023098  0.002495  0.999730  

0.429123  0.077361  0.100933  

0.998925  -0.040303  -0.022903  
0.040237  0.999185  -0.003364  
0.023020  0.002438  0.999732  

0.432703  0.079718  0.100961  

0.998926  -0.040250  -0.022930  
0.040183  0.999187  -0.003379  
0.023048  0.002454  0.999731  

0.430574  0.078540  0.100967  

0.998928  -0.040213  -0.022948  
0.040146  0.999188  -0.003387  
0.023066  0.002462  0.999731  

0.429509  0.078122  0.100809  

0.998929  -0.040165  -0.022962  
0.040097  0.999190  -0.003413  
0.023080  0.002489  0.999731  

0.428749  0.077540  0.100607  

0.998927  -0.040219  -0.022970  
0.040151  0.999188  -0.003402  
0.023088  0.002476  0.999730  

0.429183  0.078173  0.100683  

0.998926  -0.040258  -0.022938  
0.040190  0.999186  -0.003394  
0.023056  0.002469  0.999731  

0.430704  0.078461  0.100847  

0.998930  -0.040109  -0.023024  
0.040040  0.999192  -0.003452  
0.023144  0.002527  0.999729  

0.425247  0.076051  0.100250  

0.998927  -0.040248  -0.022918  
0.040181  0.999187  -0.003384  
0.023035  0.002459  0.999732  

0.432006  0.079056  0.100863  

0.998923  -0.040348  -0.022890  
0.040281  0.999183  -0.003345  
0.023007  0.002420  0.999732  

0.433762  0.080618  0.101031  

0.998925  -0.040300  -0.022895  
0.040234  0.999185  -0.003361  
0.023012  0.002436  0.999732  

0.433358  0.079856  0.101096  

0.998927  -0.040217  -0.022947  
0.040149  0.999188  -0.003411  
0.023066  0.002486  0.999731  

0.430043  0.078064  0.100631  

0.998927  -0.040228  -0.022938  
0.040160  0.999187  -0.003398  
0.023056  0.002473  0.999731  

0.431103  0.078244  0.101076  

0.998926  -0.040284  -0.022891  
0.040218  0.999185  -0.003347  
0.023008  0.002423  0.999732  

0.433113  0.079783  0.101206  

0.998926  -0.040304  -0.022875  
0.040237  0.999185  -0.003344  
0.022991  0.002420  0.999733  

0.433816  0.080249  0.101080  

0.998926  -0.040271  -0.022926  
0.040204  0.999186  -0.003376  
0.023043  0.002450  0.999731  

0.431093  0.078964  0.100915  

0.998926  -0.040231  -0.022971  
0.040162  0.999187  -0.003437  
0.023090  0.002510  0.999730  

0.429601  0.077995  0.100390  

0.998926  -0.040282  -0.022916  
0.040215  0.999185  -0.003381  
0.023033  0.002455  0.999732  

0.432557  0.079118  0.101137  

0.998924  -0.040343  -0.022869  
0.040278  0.999183  -0.003316  
0.022984  0.002391  0.999733  

0.434847  0.080844  0.101503  

0.998926  -0.040260  -0.022942  
0.040193  0.999186  -0.003384  
0.023060  0.002458  0.999731  

0.430799  0.078786  0.100934  

0.998926  -0.040264  -0.022926  
0.040196  0.999186  -0.003404  
0.023044  0.002479  0.999731  

0.431477  0.078459  0.100823  

0.998926  -0.040279  -0.022899  
0.040212  0.999186  -0.003354  
0.023016  0.002430  0.999732  

0.432867  0.079701  0.101115  

0.998926  -0.040271  -0.022913  
0.040204  0.999186  -0.003364  
0.023029  0.002439  0.999732  

0.432124  0.079679  0.100858  

0.998924  -0.040341  -0.022870  
0.040276  0.999183  -0.003337  
0.022986  0.002412  0.999733  

0.434591  0.080718  0.101157  

0.998928  -0.040200  -0.022968  
0.040132  0.999189  -0.003432  
0.023087  0.002506  0.999730  

0.428706  0.077533  0.100417  

0.998930  -0.040099  -0.023030  
0.040029  0.999192  -0.003496  
0.023151  0.002570  0.999729  

0.425865  0.075574  0.100065  

0.998925  -0.040293  -0.022902  
0.040226  0.999185  -0.003368  
0.023019  0.002444  0.999732  

0.433006  0.079190  0.101193  

0.998923  -0.040349  -0.022894  
0.040283  0.999183  -0.003345  
0.023011  0.002419  0.999732  

0.433297  0.080191  0.101108  

0.998926  -0.040265  -0.022926  
0.040198  0.999186  -0.003369  
0.023043  0.002444  0.999731  

0.431505  0.079266  0.100957  

0.998925  -0.040316  -0.022863  
0.040250  0.999184  -0.003348  
0.022979  0.002424  0.999733  

0.434469  0.080009  0.101205  

0.998929  -0.040163  -0.022989  
0.040095  0.999190  -0.003417  
0.023108  0.002491  0.999730  

0.427342  0.077598  0.100319  

0.998927  -0.040244  -0.022939  
0.040176  0.999187  -0.003407  
0.023057  0.002481  0.999731  

0.431101  0.078411  0.100779  

0.998928  -0.040196  -0.022971  
0.040128  0.999189  -0.003416  
0.023089  0.002490  0.999730  

0.428746  0.077660  0.100615  

0.998925  -0.040285  -0.022921  
0.040218  0.999185  -0.003391  
0.023039  0.002466  0.999732  

0.431989  0.078848  0.100909  

0.998927  -0.040224  -0.022961  
0.040156  0.999188  -0.003415  
0.023079  0.002490  0.999731  

0.429552  0.078407  0.100411  

0.998926  -0.040260  -0.022912  
0.040194  0.999186  -0.003365  
0.023029  0.002441  0.999732  

0.432104  0.079354  0.101023  

0.998925  -0.040277  -0.022943  
0.040209  0.999186  -0.003390  
0.023061  0.002463  0.999731  

0.430946  0.079045  0.100765  

0.998926  -0.040251  -0.022931  
0.040183  0.999187  -0.003386  
0.023048  0.002461  0.999731  

0.431043  0.078651  0.100915  

0.998927  -0.040224  -0.022940  
0.040156  0.999188  -0.003402  
0.023058  0.002478  0.999731  

0.430523  0.078268  0.100792  

0.998929  -0.040143  -0.023009  
0.040074  0.999191  -0.003455  
0.023129  0.002529  0.999729  

0.426667  0.076607  0.100232  

0.998928  -0.040169  -0.022985  
0.040100  0.999190  -0.003443  
0.023105  0.002518  0.999730  

0.428002  0.077182  0.100332  

0.998930  -0.040140  -0.022992  
0.040071  0.999191  -0.003434  
0.023112  0.002509  0.999730  

0.426996  0.077093  0.100196  

0.998929  -0.040172  -0.022961  
0.040104  0.999190  -0.003411  
0.023080  0.002486  0.999731  

0.429153  0.077543  0.100751  

0.998924  -0.040347  -0.022882  
0.040281  0.999183  -0.003344  
0.022998  0.002418  0.999733  

0.434106  0.080531  0.101079  

0.998929  -0.040144  -0.023005  
0.040075  0.999191  -0.003441  
0.023124  0.002515  0.999729  

0.426206  0.076859  0.100138  

0.998925  -0.040282  -0.022936  
0.040215  0.999185  -0.003400  
0.023055  0.002474  0.999731  

0.431768  0.078383  0.101119  

0.998928  -0.040189  -0.022972  
0.040122  0.999189  -0.003407  
0.023090  0.002481  0.999730  

0.428300  0.077754  0.100601  

0.998926  -0.040252  -0.022941  
0.040184  0.999186  -0.003417  
0.023060  0.002491  0.999731  

0.430918  0.078486  0.100608  

0.998929  -0.040148  -0.022984  
0.040080  0.999191  -0.003429  
0.023103  0.002504  0.999730  

0.427300  0.077105  0.100307  

0.998925  -0.040331  -0.022871  
0.040265  0.999183  -0.003341  
0.022987  0.002417  0.999733  

0.434539  0.080400  0.101254  

0.998928  -0.040160  -0.023010  
0.040091  0.999190  -0.003442  
0.023130  0.002516  0.999729  

0.426556  0.077150  0.100129  

0.998927  -0.040217  -0.022954  
0.040149  0.999188  -0.003412  
0.023073  0.002486  0.999731  

0.430403  0.077770  0.100994  

0.998925  -0.040324  -0.022885  
0.040258  0.999184  -0.003355  
0.023002  0.002430  0.999732  

0.434250  0.080212  0.101249  

0.998923  -0.040382  -0.022860  
0.040317  0.999181  -0.003319  
0.022975  0.002394  0.999733  

0.435388  0.081280  0.101292  

0.998927  -0.040193  -0.022988  
0.040125  0.999189  -0.003434  
0.023107  0.002508  0.999730  

0.427524  0.077355  0.100246  

0.998926  -0.040289  -0.022892  
0.040222  0.999185  -0.003376  
0.023010  0.002451  0.999732  

0.433898  0.079146  0.101354  

0.998928  -0.040206  -0.022941  
0.040139  0.999188  -0.003387  
0.023058  0.002462  0.999731  

0.429645  0.078327  0.100675  

0.998930  -0.040100  -0.023029  
0.040030  0.999192  -0.003488  
0.023151  0.002562  0.999729  

0.425078  0.075305  0.100046  

0.998923  -0.040394  -0.022824  
0.040329  0.999181  -0.003315  
0.022939  0.002391  0.999734  

0.438191  0.081483  0.101865  

0.998926  -0.040281  -0.022897  
0.040215  0.999185  -0.003348  
0.023013  0.002423  0.999732  

0.431862  0.079914  0.100864  

0.998925  -0.040291  -0.022915  
0.040224  0.999185  -0.003376  
0.023032  0.002451  0.999732  

0.432160  0.078891  0.101165  

0.998924  -0.040351  -0.022876  
0.040285  0.999183  -0.003323  
0.022992  0.002398  0.999733  

0.434676  0.081071  0.101264  

0.998925  -0.040296  -0.022909  
0.040229  0.999185  -0.003361  
0.023025  0.002436  0.999732  

0.432456  0.079575  0.101084  

0.998928  -0.040195  -0.022949  
0.040127  0.999189  -0.003414  
0.023068  0.002489  0.999731  

0.429621  0.077932  0.100540  

0.998927  -0.040214  -0.022965  
0.040146  0.999188  -0.003418  
0.023084  0.002492  0.999730  

0.429716  0.078086  0.100611  

0.998924  -0.040335  -0.022875  
0.040269  0.999183  -0.003343  
0.022991  0.002418  0.999733  

0.434430  0.080438  0.101228  

0.998928  -0.040200  -0.022941  
0.040132  0.999189  -0.003397  
0.023059  0.002473  0.999731  

0.429735  0.078359  0.100539  

0.998924  -0.040357  -0.022869  
0.040291  0.999182  -0.003336  
0.022985  0.002411  0.999733  

0.435372  0.080875  0.101325  

0.998924  -0.040378  -0.022821  
0.040313  0.999182  -0.003286  
0.022935  0.002362  0.999734  

0.437040  0.081630  0.101848  

0.998926  -0.040256  -0.022943  
0.040189  0.999186  -0.003387  
0.023061  0.002461  0.999731  

0.430324  0.078758  0.100736  

0.998928  -0.040166  -0.022997  
0.040097  0.999190  -0.003477  
0.023118  0.002551  0.999729  

0.428024  0.076438  0.100360  

0.998926  -0.040228  -0.022976  
0.040159  0.999187  -0.003431  
0.023095  0.002504  0.999730  

0.429369  0.077483  0.100708  

0.998928  -0.040185  -0.022972  
0.040117  0.999189  -0.003411  
0.023091  0.002486  0.999730  

0.428557  0.077596  0.100672  

0.998928  -0.040209  -0.022954  
0.040141  0.999188  -0.003423  
0.023073  0.002498  0.999731  

0.429740  0.078117  0.100427  

0.998928  -0.040193  -0.022965  
0.040125  0.999189  -0.003416  
0.023083  0.002491  0.999730  

0.428939  0.077500  0.100633  

0.998929  -0.040148  -0.022981  
0.040079  0.999191  -0.003445  
0.023100  0.002520  0.999730  

0.427781  0.076807  0.100359  

0.998925  -0.040316  -0.022889  
0.040250  0.999184  -0.003355  
0.023006  0.002430  0.999732  

0.433393  0.079827  0.101121  

0.998926  -0.040257  -0.022918  
0.040190  0.999186  -0.003372  
0.023035  0.002448  0.999732  

0.431275  0.079221  0.100829  

0.998930  -0.040130  -0.022978  
0.040062  0.999191  -0.003431  
0.023097  0.002507  0.999730  

0.427515  0.076579  0.100598  

0.998925  -0.040284  -0.022923  
0.040216  0.999185  -0.003391  
0.023041  0.002466  0.999731  

0.432131  0.078639  0.101145  

0.998928  -0.040167  -0.022994  
0.040099  0.999190  -0.003425  
0.023113  0.002499  0.999730  

0.427058  0.076996  0.100503  

0.998927  -0.040225  -0.022944  
0.040157  0.999188  -0.003419  
0.023063  0.002494  0.999731  

0.430124  0.077884  0.100627  

0.998926  -0.040297  -0.022890  
0.040231  0.999185  -0.003361  
0.023006  0.002436  0.999732  

0.433564  0.079821  0.101106  

0.998926  -0.040265  -0.022912  
0.040199  0.999186  -0.003361  
0.023029  0.002437  0.999732  

0.431950  0.079301  0.101094  

0.998927  -0.040198  -0.022981  
0.040130  0.999189  -0.003426  
0.023100  0.002500  0.999730  

0.428141  0.077409  0.100496  

0.998924  -0.040326  -0.022902  
0.040260  0.999184  -0.003368  
0.023019  0.002442  0.999732  

0.433490  0.079800  0.101116  

0.998925  -0.040318  -0.022891  
0.040252  0.999184  -0.003347  
0.023008  0.002422  0.999732  

0.433448  0.080430  0.100987  

0.998927  -0.040211  -0.022971  
0.040142  0.999188  -0.003418  
0.023090  0.002492  0.999730  

0.428469  0.077518  0.100530  

0.998927  -0.040195  -0.022984  
0.040126  0.999189  -0.003444  
0.023104  0.002518  0.999730  

0.428589  0.077012  0.100553  

0.998923  -0.040400  -0.022829  
0.040335  0.999181  -0.003302  
0.022944  0.002378  0.999734  

0.437324  0.081773  0.101637  

0.998924  -0.040335  -0.022883  
0.040269  0.999183  -0.003326  
0.022998  0.002401  0.999733  

0.433661  0.080688  0.101164  

0.998928  -0.040181  -0.022972  
0.040113  0.999189  -0.003419  
0.023090  0.002494  0.999730  

0.428474  0.077514  0.100509  

0.998926  -0.040268  -0.022919  
0.040201  0.999186  -0.003396  
0.023037  0.002471  0.999732  

0.432450  0.078837  0.100972  

0.998926  -0.040272  -0.022909  
0.040205  0.999186  -0.003378  
0.023026  0.002453  0.999732  

0.432177  0.079514  0.100715  

0.998923  -0.040351  -0.022889  
0.040284  0.999183  -0.003358  
0.023006  0.002433  0.999732  

0.434471  0.080256  0.101284  

0.998929  -0.040140  -0.023009  
0.040072  0.999191  -0.003436  
0.023128  0.002510  0.999729  

0.426350  0.076923  0.100262  

0.998926  -0.040233  -0.022965  
0.040165  0.999187  -0.003431  
0.023084  0.002505  0.999730  

0.430004  0.077740  0.100693  

0.998925  -0.040297  -0.022902  
0.040230  0.999185  -0.003363  
0.023019  0.002438  0.999732  

0.433474  0.079793  0.101253  

0.998927  -0.040206  -0.022980  
0.040138  0.999188  -0.003413  
0.023099  0.002487  0.999730  

0.427859  0.077906  0.100282  

0.998926  -0.040254  -0.022930  
0.040186  0.999186  -0.003416  
0.023049  0.002491  0.999731  

0.431620  0.078455  0.100724  

0.998926  -0.040238  -0.022954  
0.040170  0.999187  -0.003402  
0.023073  0.002476  0.999731  

0.430019  0.078260  0.100828  

0.998925  -0.040286  -0.022920  
0.040219  0.999185  -0.003387  
0.023038  0.002461  0.999732  

0.432026  0.078987  0.100905  

0.998925  -0.040314  -0.022868  
0.040248  0.999184  -0.003338  
0.022984  0.002414  0.999733  

0.434314  0.080302  0.101306  

0.998927  -0.040241  -0.022927  
0.040174  0.999187  -0.003391  
0.023045  0.002466  0.999731  

0.431469  0.078930  0.100866  

0.998925  -0.040322  -0.022883  
0.040255  0.999184  -0.003351  
0.022999  0.002426  0.999733  

0.434041  0.079589  0.101465  

0.998927  -0.040243  -0.022928  
0.040176  0.999187  -0.003386  
0.023046  0.002461  0.999731  

0.430962  0.078705  0.100844  

0.998928  -0.040205  -0.022962  
0.040137  0.999188  -0.003416  
0.023081  0.002491  0.999731  

0.429311  0.077792  0.100630  

0.998926  -0.040276  -0.022924  
0.040209  0.999186  -0.003383  
0.023042  0.002457  0.999731  

0.431505  0.078964  0.100869  

0.998925  -0.040293  -0.022910  
0.040226  0.999185  -0.003369  
0.023027  0.002444  0.999732  

0.432542  0.079831  0.100855  

0.998926  -0.040268  -0.022921  
0.040201  0.999186  -0.003374  
0.023039  0.002449  0.999732  

0.431772  0.079085  0.101040  

0.998924  -0.040305  -0.022925  
0.040238  0.999184  -0.003372  
0.023042  0.002446  0.999732  

0.432109  0.079671  0.100865  

0.998928  -0.040226  -0.022927  
0.040158  0.999187  -0.003411  
0.023046  0.002487  0.999731  

0.430767  0.078314  0.100587  

0.998926  -0.040243  -0.022946  
0.040175  0.999187  -0.003399  
0.023064  0.002474  0.999731  

0.430358  0.078608  0.100655  

0.998926  -0.040283  -0.022905  
0.040217  0.999185  -0.003367  
0.023022  0.002442  0.999732  

0.432576  0.079506  0.100974  

0.998926  -0.040271  -0.022921  
0.040204  0.999186  -0.003360  
0.023038  0.002435  0.999732  

0.431144  0.079194  0.100926  

0.998927  -0.040214  -0.022956  
0.040147  0.999188  -0.003404  
0.023075  0.002478  0.999731  

0.429370  0.077942  0.100679  

0.998926  -0.040272  -0.022899  
0.040206  0.999186  -0.003358  
0.023016  0.002434  0.999732  

0.432589  0.079412  0.101103  

0.998925  -0.040279  -0.022941  
0.040212  0.999185  -0.003388  
0.023059  0.002462  0.999731  

0.430877  0.079040  0.100775  

0.998925  -0.040290  -0.022913  
0.040224  0.999185  -0.003366  
0.023030  0.002441  0.999732  

0.432136  0.079474  0.100935  

0.998929  -0.040140  -0.023007  
0.040071  0.999191  -0.003444  
0.023127  0.002518  0.999729  

0.426255  0.076697  0.100173  

0.998925  -0.040313  -0.022882  
0.040247  0.999184  -0.003354  
0.022998  0.002430  0.999733  

0.434310  0.080147  0.101157  

0.998923  -0.040386  -0.022862  
0.040320  0.999181  -0.003325  
0.022977  0.002399  0.999733  

0.435810  0.081417  0.101318  

0.998924  -0.040348  -0.022858  
0.040283  0.999183  -0.003321  
0.022973  0.002397  0.999733  

0.435408  0.080947  0.101437  

0.998927  -0.040234  -0.022937  
0.040166  0.999187  -0.003406  
0.023056  0.002481  0.999731  

0.430426  0.078420  0.100516  

0.998926  -0.040256  -0.022934  
0.040189  0.999186  -0.003400  
0.023052  0.002475  0.999731  

0.431355  0.078238  0.100980  

0.998926  -0.040274  -0.022916  
0.040207  0.999186  -0.003375  
0.023033  0.002450  0.999732  

0.431932  0.078939  0.101092  

0.998930  -0.040114  -0.023019  
0.040045  0.999192  -0.003455  
0.023139  0.002530  0.999729  

0.425812  0.076228  0.100230  

0.998925  -0.040283  -0.022917  
0.040216  0.999185  -0.003394  
0.023035  0.002469  0.999732  

0.432505  0.078698  0.101087  

0.998926  -0.040242  -0.022957  
0.040174  0.999187  -0.003396  
0.023075  0.002470  0.999731  

0.429709  0.078247  0.100810  

0.998928  -0.040193  -0.022975  
0.040125  0.999189  -0.003415  
0.023093  0.002490  0.999730  

0.428678  0.077648  0.100617  

0.998926  -0.040268  -0.022901  
0.040201  0.999186  -0.003364  
0.023018  0.002439  0.999732  

0.432455  0.078851  0.101318  

0.998927  -0.040211  -0.022959  
0.040143  0.999188  -0.003417  
0.023078  0.002492  0.999731  

0.429485  0.078058  0.100517  

0.998928  -0.040185  -0.022968  
0.040117  0.999189  -0.003421  
0.023087  0.002496  0.999730  

0.429004  0.077576  0.100635  

0.998924  -0.040331  -0.022876  
0.040265  0.999183  -0.003351  
0.022993  0.002426  0.999733  

0.434485  0.080079  0.101319  

0.998927  -0.040231  -0.022948  
0.040163  0.999187  -0.003403  
0.023066  0.002478  0.999731  

0.430082  0.078346  0.100708  

0.998922  -0.040393  -0.022865  
0.040327  0.999181  -0.003338  
0.022981  0.002412  0.999733  

0.435700  0.081048  0.101330  

0.998928  -0.040218  -0.022932  
0.040151  0.999188  -0.003389  
0.023049  0.002465  0.999731  

0.430091  0.078387  0.100736  

0.998925  -0.040303  -0.022923  
0.040235  0.999184  -0.003405  
0.023042  0.002479  0.999731  

0.432417  0.078862  0.100851  

0.998925  -0.040322  -0.022863  
0.040256  0.999184  -0.003349  
0.022980  0.002425  0.999733  

0.434705  0.080416  0.101127  

0.998927  -0.040227  -0.022935  
0.040160  0.999188  -0.003383  
0.023053  0.002458  0.999731  

0.430506  0.078437  0.100976  

0.998925  -0.040274  -0.022952  
0.040206  0.999186  -0.003404  
0.023070  0.002478  0.999731  

0.430791  0.078285  0.100988  

0.998926  -0.040278  -0.022913  
0.040211  0.999185  -0.003375  
0.023031  0.002450  0.999732  

0.432000  0.079421  0.100837  

0.998926  -0.040282  -0.022913  
0.040216  0.999185  -0.003360  
0.023030  0.002435  0.999732  

0.432365  0.079660  0.101055  

0.998927  -0.040224  -0.022937  
0.040157  0.999188  -0.003390  
0.023055  0.002465  0.999731  

0.430194  0.078414  0.100733  

0.998927  -0.040224  -0.022944  
0.040156  0.999188  -0.003399  
0.023062  0.002474  0.999731  

0.430752  0.078742  0.100683  

0.998926  -0.040263  -0.022923  
0.040196  0.999186  -0.003378  
0.023040  0.002453  0.999732  

0.431655  0.078860  0.101053  

0.998922  -0.040404  -0.022835  
0.040339  0.999181  -0.003312  
0.022950  0.002388  0.999734  

0.437084  0.081853  0.101438  

0.998926  -0.040283  -0.022913  
0.040217  0.999185  -0.003367  
0.023030  0.002442  0.999732  

0.432049  0.079505  0.100922  

0.998926  -0.040272  -0.022923  
0.040204  0.999186  -0.003399  
0.023041  0.002474  0.999731  

0.431842  0.078683  0.100878  

